#####################################
DESLOCMENTO NOS NÓS
-------------------------------------
NÓ	DES. X (mm)	DES. Y (mm)
-------------------------------------
1	+0.00e+00	+0.00e+00
2	-5.00e-05	-9.49e-05
3	+1.67e-05	-1.98e-04
4	+7.05e-21	-2.76e-04
5	-1.67e-05	-1.98e-04
6	+5.00e-05	-9.49e-05
7	+0.00e+00	+0.00e+00
#####################################
REAÇÕES DE APOIO
-------------------------------------
Nó	Fx(kN)		Fy(kN)
-------------------------------------
1	-4.167		+5.000
2	+0.000		+0.000
3	+0.000		+0.000
4	+0.000		+0.000
5	+0.000		+0.000
6	+0.000		+0.000
7	+4.167		+5.000
###########################################
DESLOCAMENTOS AXIAIS DOS MEMBROS
-------------------------------------------
MEMBRO		D'i (mm)	D'j (mm)
-------------------------------------------
1(1,2)		+0.00e+00	+6.25e-05
2(1,3)		+0.00e+00	+1.67e-05
3(2,3)		-1.07e-04	-1.70e-04
4(2,4)		-5.00e-05	+7.05e-21
5(3,4)		+1.85e-04	+2.47e-04
6(3,5)		+1.67e-05	-1.67e-05
7(4,5)		-2.47e-04	-1.85e-04
8(4,6)		+7.05e-21	+5.00e-05
9(5,6)		+1.70e-04	+1.07e-04
10(5,7)		-1.67e-05	+0.00e+00
11(6,7)		-6.25e-05	+0.00e+00
###########################################################
ESFORÇOS AXIAIS NOS MEMBROS
-----------------------------------------------------------
MEMBRO		F'i (KN)	F'j (KN)	TENSÕES
-----------------------------------------------------------
1(1,2)		-5.590		+5.590		TRAÇÃO
2(1,3)		-1.667		+1.667		TRAÇÃO
3(2,3)		+5.590		-5.590		COMPRESSÃO
4(2,4)		-5.000		+5.000		TRAÇÃO
5(3,4)		-5.590		+5.590		TRAÇÃO
6(3,5)		+3.333		-3.333		COMPRESSÃO
7(4,5)		-5.590		+5.590		TRAÇÃO
8(4,6)		-5.000		+5.000		TRAÇÃO
9(5,6)		+5.590		-5.590		COMPRESSÃO
10(5,7)		-1.667		+1.667		TRAÇÃO
11(6,7)		-5.590		+5.590		TRAÇÃO
